{
  "nbformat": 4,
  "nbformat_minor": 0,
  "metadata": {
    "colab": {
      "provenance": [],
      "toc_visible": true,
      "authorship_tag": "ABX9TyOavS0IH/UPpw33cMmjiFxQ",
      "include_colab_link": true
    },
    "kernelspec": {
      "name": "python3",
      "display_name": "Python 3"
    },
    "language_info": {
      "name": "python"
    }
  },
  "cells": [
    {
      "cell_type": "markdown",
      "metadata": {
        "id": "view-in-github",
        "colab_type": "text"
      },
      "source": [
        "<a href=\"https://colab.research.google.com/github/JuanCervigon/Master/blob/main/091_PCA_Simple.ipynb\" target=\"_parent\"><img src=\"https://colab.research.google.com/assets/colab-badge.svg\" alt=\"Open In Colab\"/></a>"
      ]
    },
    {
      "cell_type": "markdown",
      "source": [
        "# Analisis de componentes principales\n"
      ],
      "metadata": {
        "id": "KJ8bzHEfMn7X"
      }
    },
    {
      "cell_type": "markdown",
      "source": [
        "# Introducción\n",
        "\n",
        "\n",
        "El Análisis de Componentes Principales (PCA) es una herramienta para reducir la dimensión de un conjunto de datos tabular, es decir, consiste en transformar el el conjunto de datos inicial en un nuevo conjunto de datos con menos columnas minimizando la pérdida de información.\n",
        "\n",
        "Reducir la dimensionalidad de los datos significa reducir el número de columnas. Lógicamente, prescindiremos de las columnas que aportan menor información al conjunto de datos. Por ejemplo, supongamos que tenemos conjunto de datos de jugadores de fútbol de la FIFA con el peso, la altura y la edad de cada jugador. Es decir tenemos tres dimensiones y queremos reducir el conjunto de datos a dos dimensiones. ¿Qué columna quitaríamos?. Evidentemente quitariamos la altura o el peso, ya que si quitamos la edad perdemos mucha información sobre el conjunto de los jugadores pero si quitamos el peso o la altura, perdemos menos información.\n",
        "\n",
        "El proceso de reducir la dimensión es eliminando columnas, pero antes de eliminarlas se transforman los datos para crear unas nuevas dimensiones con la misma información que el conjunto de datos original pero tratando de que las sucesivas nuevas dimansiones tengan una variabilidad decreciente. Es decir, la primera columna contiene la mayor variabilidad posible, la segunda columna mayor variabilidad posible después restante una vez extraida la primera columna... etc.\n",
        "\n",
        "Una vez se ha transformado el conjunto de datos inicial en un nuevo conjunto de datos, pero con la variabilidad de las columnas en orden descendente, podemos eliminar las columnas con menor variabilidad para reducir la dimensión pero manteniendo la mayor información posible.\n",
        "\n",
        "En efecto, si quitamos una dimensión, es decir, si quitamos una columna, quitaremos la columna que tiene menor variabilidad (menor cantidad de información), si quitamos dos columnas, quitaremos las dos con menor variabilidad... etc. La decisión de cúantas columnas se pueden quitar depende de cada caso concreto. Es una decisión que debe tomar el analista equilibrando la ganancia por reducir la dimensión frente a la pérdida de información.\n",
        "\n",
        "Por lo tanto el PCA consiste en transformar los datos originales en unos nuevos datos y después el analista decide las columnas que quiere descartar del nuevo conjunto de datos.\n",
        "\n",
        "La transformación se lleva a cabo mediante una matriz cuadrada $v$ de $dxd$ dimensiones que hay que calcular. Si llamamos $x$ al conjunto inicial de datos tenemos\n",
        "\n",
        "$xv=y$\n",
        "\n",
        "\n",
        "En el ejemplo anterior, $x$ sería una matriz de dimensión $nx3$, siendo $n$ el número de jugadores y 3 el número de dimensiones (peso, altura y edad). En este caso la matriz $v$ a calcular tendría dimensión $3x3$ y el nuevo conjunto de datos $y$ se calcularía $y=xv$. Evidentemente el nuevo conjunto de datos tiene dimensión $nx3$. Finalmente, para reducir la dimensión, se eliminaría la tercera columna de la matriz $y$\n",
        "\n",
        "Este procedimiento tiene dos partes:\n",
        "1.- Calcular la matriz $v$\n",
        "2.- Decidir cuantas columnas eliminar de la matriz $y$\n",
        "\n",
        "\n",
        "La primera parte es un problema puramente matemático que tiene solución única. La segunda parte es un problema de equilibrio, en el que tenemos que valorar si la ganancia por reducir la dimensión compensa la pérdida de información. Este equilibrio depende de cada caso concreto y es una decisión a tomar por el analista. El PCA nos ayuda a tomar esa decisión ya que se puede cuantificar la pérdida de información\n",
        "\n",
        "Adicionalmente, el PCA nos permite visualizar los datos. Podemos tomar las dos primeras columnas de los datos transformados y hacer un gráfico tipo XY para visializar los individuos. Incluso podemos visualizarlos en un gráfico de 3 dimensiones si tomamos los tres primeras columnas. A partir de la inspección visual de los datos podemos sacar conclusiones sobre la estructura de los datos. Además en el gráfico anterior también podemos representar al mismo tiempo las variables originales en un gráfico denominado bi-plot\n",
        "\n",
        "\n",
        "\n",
        "Los pasos para llevar a cabo un PCA son:\n",
        "\n",
        "1. Estandarizar datos para centar los datos (media cero) y obtener una escala común (dividir por la desviación típica)\n",
        "2. Calcular la matriz de covarianzas: muestra cómo se relacionan las variables entre sí\n",
        "3. Calcular los vectores propios y valores propios de la matriz de covarianzas. Los vectores propios forman la matriz $v$. Los valores propios son la varianza de las nuevas columnas. Los valores prpios estan ordenados de mayor a menor.\n",
        "4. Obtener os datos tansfoormados $y=xv$\n",
        "5. Decidir el número de columnas a eliminar\n",
        "\n",
        "\n",
        "\n"
      ],
      "metadata": {
        "id": "8-Y66aKFOa2L"
      }
    },
    {
      "cell_type": "markdown",
      "source": [
        "# Datos\n",
        "\n",
        "Utilizamos un conjunto de datos muy simple de 13 jugadores de futbol con las variables edad, altura y peso\n",
        "\n",
        "Estandarizamos los datos  datos restando la media y dividiendo por la varianza de cada variable"
      ],
      "metadata": {
        "id": "zBxovDosPbJB"
      }
    },
    {
      "cell_type": "code",
      "source": [
        "import numpy as np\n",
        "\n",
        "# Conjunto de datos inicial\n",
        "edad = np.array([ 25,  23,  25,  22,  30,  23,  27,  26,  26,  24,  28,  23,  25])\n",
        "altura = np.array([184, 196, 184, 200, 200, 180, 176, 188, 192, 176, 180, 180, 192])\n",
        "peso = np.array([ 80,  99,  86, 104,  98,  85,  72,  93,  94,  75,  83,  84,  96])\n",
        "\n",
        "# Estandarización de los datos\n",
        "edad_std = (edad - np.mean(edad)) / np.std(edad)\n",
        "altura_std = (altura - np.mean(altura)) / np.std(altura)\n",
        "peso_std = (peso - np.mean(peso)) / np.std(peso)\n",
        "\n",
        "# Crear la matriz con los valores estandarizados\n",
        "x = np.column_stack((edad_std, altura_std, peso_std))"
      ],
      "metadata": {
        "id": "8d21q_3VPRRr"
      },
      "execution_count": null,
      "outputs": []
    },
    {
      "cell_type": "code",
      "source": [
        "x"
      ],
      "metadata": {
        "colab": {
          "base_uri": "https://localhost:8080/"
        },
        "id": "RI0vL1Vzfe0N",
        "outputId": "c05622e3-6735-41f7-bf2c-d36d64f40ac1"
      },
      "execution_count": null,
      "outputs": [
        {
          "output_type": "execute_result",
          "data": {
            "text/plain": [
              "array([[-0.07062246, -0.33728926, -0.89416382],\n",
              "       [-0.98871437,  1.12429753,  1.13206062],\n",
              "       [-0.07062246, -0.33728926, -0.25430347],\n",
              "       [-1.44776033,  1.61149313,  1.66527757],\n",
              "       [ 2.22460734,  1.61149313,  1.02541722],\n",
              "       [-0.98871437, -0.82448486, -0.36094686],\n",
              "       [ 0.84746946, -1.31168046, -1.74731095],\n",
              "       [ 0.3884235 ,  0.14990634,  0.49220027],\n",
              "       [ 0.3884235 ,  0.63710194,  0.59884366],\n",
              "       [-0.52966841, -1.31168046, -1.42738078],\n",
              "       [ 1.30651542, -0.82448486, -0.57423365],\n",
              "       [-0.98871437, -0.82448486, -0.46759025],\n",
              "       [-0.07062246,  0.63710194,  0.81213044]])"
            ]
          },
          "metadata": {},
          "execution_count": 67
        }
      ]
    },
    {
      "cell_type": "markdown",
      "source": [
        "# Analisis con Numpy\n",
        "\n",
        "Primero calculamos la matriz de correlaciones y luego los valores y vectores propios de la matriz de correlaciones\n",
        "\n",
        "Comprobamos que se cumplen determinadas igualdades"
      ],
      "metadata": {
        "id": "rWaen0JJhiU9"
      }
    },
    {
      "cell_type": "code",
      "source": [
        "# Calcular la matriz de correlaciones con numpy\n",
        "S=np.corrcoef(x.T)\n",
        "S"
      ],
      "metadata": {
        "colab": {
          "base_uri": "https://localhost:8080/"
        },
        "id": "wGXcdf_eeIwj",
        "outputId": "dec73016-8551-4c87-e3ef-56c1a64cf358"
      },
      "execution_count": null,
      "outputs": [
        {
          "output_type": "execute_result",
          "data": {
            "text/plain": [
              "array([[ 1.        ,  0.0449937 , -0.11210226],\n",
              "       [ 0.0449937 ,  1.        ,  0.94535673],\n",
              "       [-0.11210226,  0.94535673,  1.        ]])"
            ]
          },
          "metadata": {},
          "execution_count": 68
        }
      ]
    },
    {
      "cell_type": "code",
      "source": [
        "# Calcular la matriz de correlaciones directamente\n",
        "x.T@x/13"
      ],
      "metadata": {
        "id": "2Pb4ITzJaV5H",
        "colab": {
          "base_uri": "https://localhost:8080/"
        },
        "outputId": "6f031df3-e7bb-4058-dbfe-91a1c3b16ec1"
      },
      "execution_count": null,
      "outputs": [
        {
          "output_type": "execute_result",
          "data": {
            "text/plain": [
              "array([[ 1.        ,  0.0449937 , -0.11210226],\n",
              "       [ 0.0449937 ,  1.        ,  0.94535673],\n",
              "       [-0.11210226,  0.94535673,  1.        ]])"
            ]
          },
          "metadata": {},
          "execution_count": 69
        }
      ]
    },
    {
      "cell_type": "code",
      "source": [
        "# Calcular los valores y los vectores propios de la matriz S con numpy\n",
        "eigenval, eigenvec = np.linalg.eig(S)"
      ],
      "metadata": {
        "id": "YZDegZiLPnoj"
      },
      "execution_count": null,
      "outputs": []
    },
    {
      "cell_type": "code",
      "source": [
        "# Imprimnir los autovalores\n",
        "# Ojo! los autovalores no están ordenados de mayor a menor\n",
        "eigenval"
      ],
      "metadata": {
        "colab": {
          "base_uri": "https://localhost:8080/"
        },
        "id": "XXt-z3hnrJp3",
        "outputId": "8e6c4503-a55c-4590-ed8b-e48ab9f3fc44"
      },
      "execution_count": null,
      "outputs": [
        {
          "output_type": "execute_result",
          "data": {
            "text/plain": [
              "array([0.04175016, 1.01050073, 1.9477491 ])"
            ]
          },
          "metadata": {},
          "execution_count": 71
        }
      ]
    },
    {
      "cell_type": "code",
      "source": [
        "# Imprimir los autovectores\n",
        "eigenvec"
      ],
      "metadata": {
        "id": "G3njEwg0caZ8",
        "colab": {
          "base_uri": "https://localhost:8080/"
        },
        "outputId": "dc633984-4a7b-4709-d7a9-e9223272eadb"
      },
      "execution_count": null,
      "outputs": [
        {
          "output_type": "execute_result",
          "data": {
            "text/plain": [
              "array([[-0.11529226,  0.99205464, -0.05035164],\n",
              "       [ 0.70035636,  0.11712978,  0.70411759],\n",
              "       [-0.7044208 , -0.04591522,  0.70829593]])"
            ]
          },
          "metadata": {},
          "execution_count": 72
        }
      ]
    },
    {
      "cell_type": "markdown",
      "source": [
        "## Propiedades varias"
      ],
      "metadata": {
        "id": "ixl76u4PayDQ"
      }
    },
    {
      "cell_type": "code",
      "source": [
        "# Los valores propios son ortogonales: vv'=I\n",
        "eigenvec@eigenvec.T"
      ],
      "metadata": {
        "colab": {
          "base_uri": "https://localhost:8080/"
        },
        "id": "OqAH7WVUdlf9",
        "outputId": "5636c216-79bc-480b-ab35-8ed0e88afcd7"
      },
      "execution_count": null,
      "outputs": [
        {
          "output_type": "execute_result",
          "data": {
            "text/plain": [
              "array([[ 1.00000000e+00,  3.46944695e-16, -3.05311332e-16],\n",
              "       [ 3.46944695e-16,  1.00000000e+00, -1.66533454e-16],\n",
              "       [-3.05311332e-16, -1.66533454e-16,  1.00000000e+00]])"
            ]
          },
          "metadata": {},
          "execution_count": 157
        }
      ]
    },
    {
      "cell_type": "code",
      "source": [
        "# Comprobar que S*eigenvec = eigenval*eigenvec\n",
        "S@eigenvec[:,2]"
      ],
      "metadata": {
        "colab": {
          "base_uri": "https://localhost:8080/"
        },
        "id": "m3Cd9coEXkyA",
        "outputId": "fc2fce9d-bac2-4b18-87de-f85bcd06f08c"
      },
      "execution_count": null,
      "outputs": [
        {
          "output_type": "execute_result",
          "data": {
            "text/plain": [
              "array([-0.09807236,  1.37144441,  1.37958277])"
            ]
          },
          "metadata": {},
          "execution_count": 170
        }
      ]
    },
    {
      "cell_type": "code",
      "source": [
        "eigenval[2]*eigenvec[:,2]"
      ],
      "metadata": {
        "colab": {
          "base_uri": "https://localhost:8080/"
        },
        "id": "v1kl0sSXX2OD",
        "outputId": "d9c13cca-9a50-4cce-fe97-c73c6f1b98c3"
      },
      "execution_count": null,
      "outputs": [
        {
          "output_type": "execute_result",
          "data": {
            "text/plain": [
              "array([-0.09807236,  1.37144441,  1.37958277])"
            ]
          },
          "metadata": {},
          "execution_count": 155
        }
      ]
    },
    {
      "cell_type": "code",
      "source": [
        "# Calcular de los scores  y=xv\n",
        "y=x@eigenvec\n",
        "y"
      ],
      "metadata": {
        "id": "UeZSlssXPq6r",
        "colab": {
          "base_uri": "https://localhost:8080/"
        },
        "outputId": "8265cf4c-b744-4c9c-d81b-ca562866deda"
      },
      "execution_count": null,
      "outputs": [
        {
          "output_type": "execute_result",
          "data": {
            "text/plain": [
              "array([[ 0.40178714, -0.06851222, -0.86726794],\n",
              "       [ 0.103953  , -0.90114877,  1.64325499],\n",
              "       [-0.0489438 , -0.09789155, -0.41405746],\n",
              "       [ 0.12247886, -1.3239651 ,  2.3870871 ],\n",
              "       [ 0.14981423,  2.34860361,  1.74896689],\n",
              "       [-0.20918362, -1.06085745, -0.7864081 ],\n",
              "       [ 0.21449176,  0.76732734, -2.203862  ],\n",
              "       [-0.28651047,  0.38029635,  0.43461738],\n",
              "       [-0.02042176,  0.43246491,  0.85319545],\n",
              "       [ 0.14789963, -0.61355835, -1.90791561],\n",
              "       [-0.32356221,  1.22592902, -1.05304684],\n",
              "       [-0.1340618 , -1.0559609 , -0.86194318],\n",
              "       [-0.11774096, -0.03272687,  1.02737933]])"
            ]
          },
          "metadata": {},
          "execution_count": 180
        }
      ]
    },
    {
      "cell_type": "code",
      "source": [
        "# La varianza de los factores coincide con los valores propios\n",
        "# Calculo de la varianza como suma de cuadrados de columnas dividido por n\n",
        "np.sum(np.square(y),axis=0)/13"
      ],
      "metadata": {
        "colab": {
          "base_uri": "https://localhost:8080/"
        },
        "id": "3dFW6pTpTGXi",
        "outputId": "8d9d9845-199c-491f-e232-9ee2070ab3ee"
      },
      "execution_count": null,
      "outputs": [
        {
          "output_type": "execute_result",
          "data": {
            "text/plain": [
              "array([0.04175016, 1.01050073, 1.9477491 ])"
            ]
          },
          "metadata": {},
          "execution_count": 76
        }
      ]
    },
    {
      "cell_type": "code",
      "source": [
        "# Calculo de la matriz de covarianzas y'y/13\n",
        "y.T@y/13"
      ],
      "metadata": {
        "id": "Z4lsv2m-hPit",
        "colab": {
          "base_uri": "https://localhost:8080/"
        },
        "outputId": "fc3d2257-669c-4867-8675-16d31868c169"
      },
      "execution_count": null,
      "outputs": [
        {
          "output_type": "execute_result",
          "data": {
            "text/plain": [
              "array([[4.17501618e-02, 1.51887257e-16, 1.51213806e-16],\n",
              "       [1.51887257e-16, 1.01050073e+00, 1.07522089e-16],\n",
              "       [1.51213806e-16, 1.07522089e-16, 1.94774910e+00]])"
            ]
          },
          "metadata": {},
          "execution_count": 158
        }
      ]
    },
    {
      "cell_type": "code",
      "source": [
        "# Comprobar que la suma de los valores propios es igual a 3\n",
        "# sumando las varianzas\n",
        "sum(np.sum(np.square(y),axis=0)/13)"
      ],
      "metadata": {
        "colab": {
          "base_uri": "https://localhost:8080/"
        },
        "id": "m5-ipxjwhFDc",
        "outputId": "b22b3aa1-0552-44b2-8fba-25bc91e362d4"
      },
      "execution_count": null,
      "outputs": [
        {
          "output_type": "execute_result",
          "data": {
            "text/plain": [
              "2.999999999999999"
            ]
          },
          "metadata": {},
          "execution_count": 59
        }
      ]
    },
    {
      "cell_type": "code",
      "source": [
        "# sumando los cuadrados de todos los elementos de y\n",
        "np.sum(np.square(y))/13"
      ],
      "metadata": {
        "colab": {
          "base_uri": "https://localhost:8080/"
        },
        "id": "BFka-Oarezto",
        "outputId": "a1ea4476-181a-48b0-9286-a3043a9f0038"
      },
      "execution_count": null,
      "outputs": [
        {
          "output_type": "execute_result",
          "data": {
            "text/plain": [
              "2.999999999999999"
            ]
          },
          "metadata": {},
          "execution_count": 160
        }
      ]
    },
    {
      "cell_type": "code",
      "source": [
        "# sumando los valores popios\n",
        "np.sum(eigenval)"
      ],
      "metadata": {
        "colab": {
          "base_uri": "https://localhost:8080/"
        },
        "id": "v5ymht4LfIQ1",
        "outputId": "9c8e8930-6119-468c-e850-2e326fb89dcd"
      },
      "execution_count": null,
      "outputs": [
        {
          "output_type": "execute_result",
          "data": {
            "text/plain": [
              "2.999999999999999"
            ]
          },
          "metadata": {},
          "execution_count": 161
        }
      ]
    },
    {
      "cell_type": "markdown",
      "source": [
        "# PCA con Sklearn\n",
        "\n",
        "Sklearn tiene módulos específicos para el PCA. Permite calcular los scores de forma muy directa"
      ],
      "metadata": {
        "id": "b_HehNddhnDE"
      }
    },
    {
      "cell_type": "code",
      "source": [
        "# Importar el módulo necesario\n",
        "from sklearn.decomposition import PCA"
      ],
      "metadata": {
        "id": "_0TZjlGyQ7qi"
      },
      "execution_count": null,
      "outputs": []
    },
    {
      "cell_type": "code",
      "source": [
        "# Instanciar el objeto pca de la clase PCA()\n",
        "# El nombre del objeto \"pca\" lo decidimos nosotros\n",
        "pca = PCA()\n",
        "\n",
        "# cálculo de los scores\n",
        "y_sklearn = pca.fit_transform(x) # ajustar el objeto instanciado pca a los datos x\n"
      ],
      "metadata": {
        "id": "iW0LffBpsoSv"
      },
      "execution_count": null,
      "outputs": []
    },
    {
      "cell_type": "code",
      "source": [
        "# También se pueden obtener directamente dos componentes unicamente\n",
        "pca_2=PCA(n_components=2)\n",
        "pca_2.fit_transform(x)"
      ],
      "metadata": {
        "colab": {
          "base_uri": "https://localhost:8080/"
        },
        "id": "fh1_aO8PkJnP",
        "outputId": "1ed93f76-ebd2-4376-cffd-79ad687afbf4"
      },
      "execution_count": null,
      "outputs": [
        {
          "output_type": "execute_result",
          "data": {
            "text/plain": [
              "array([[-0.86726794, -0.06851222],\n",
              "       [ 1.64325499, -0.90114877],\n",
              "       [-0.41405746, -0.09789155],\n",
              "       [ 2.3870871 , -1.3239651 ],\n",
              "       [ 1.74896689,  2.34860361],\n",
              "       [-0.7864081 , -1.06085745],\n",
              "       [-2.203862  ,  0.76732734],\n",
              "       [ 0.43461738,  0.38029635],\n",
              "       [ 0.85319545,  0.43246491],\n",
              "       [-1.90791561, -0.61355835],\n",
              "       [-1.05304684,  1.22592902],\n",
              "       [-0.86194318, -1.0559609 ],\n",
              "       [ 1.02737933, -0.03272687]])"
            ]
          },
          "metadata": {},
          "execution_count": 184
        }
      ]
    },
    {
      "cell_type": "code",
      "source": [
        "y_sklearn"
      ],
      "metadata": {
        "colab": {
          "base_uri": "https://localhost:8080/"
        },
        "id": "fSm4GofakkMc",
        "outputId": "569392eb-f802-4938-8932-7a93bd8628c2"
      },
      "execution_count": null,
      "outputs": [
        {
          "output_type": "execute_result",
          "data": {
            "text/plain": [
              "array([[-0.86726794, -0.06851222,  0.40178714],\n",
              "       [ 1.64325499, -0.90114877,  0.103953  ],\n",
              "       [-0.41405746, -0.09789155, -0.0489438 ],\n",
              "       [ 2.3870871 , -1.3239651 ,  0.12247886],\n",
              "       [ 1.74896689,  2.34860361,  0.14981423],\n",
              "       [-0.7864081 , -1.06085745, -0.20918362],\n",
              "       [-2.203862  ,  0.76732734,  0.21449176],\n",
              "       [ 0.43461738,  0.38029635, -0.28651047],\n",
              "       [ 0.85319545,  0.43246491, -0.02042176],\n",
              "       [-1.90791561, -0.61355835,  0.14789963],\n",
              "       [-1.05304684,  1.22592902, -0.32356221],\n",
              "       [-0.86194318, -1.0559609 , -0.1340618 ],\n",
              "       [ 1.02737933, -0.03272687, -0.11774096]])"
            ]
          },
          "metadata": {},
          "execution_count": 185
        }
      ]
    },
    {
      "cell_type": "code",
      "source": [
        "# Los scores calculados con Numpy, están en otro orden\n",
        "y"
      ],
      "metadata": {
        "colab": {
          "base_uri": "https://localhost:8080/"
        },
        "id": "WtztndXOko-y",
        "outputId": "2a60ceb8-3ddf-44a1-855d-3a57ad017510"
      },
      "execution_count": null,
      "outputs": [
        {
          "output_type": "execute_result",
          "data": {
            "text/plain": [
              "array([[ 0.40178714, -0.06851222, -0.86726794],\n",
              "       [ 0.103953  , -0.90114877,  1.64325499],\n",
              "       [-0.0489438 , -0.09789155, -0.41405746],\n",
              "       [ 0.12247886, -1.3239651 ,  2.3870871 ],\n",
              "       [ 0.14981423,  2.34860361,  1.74896689],\n",
              "       [-0.20918362, -1.06085745, -0.7864081 ],\n",
              "       [ 0.21449176,  0.76732734, -2.203862  ],\n",
              "       [-0.28651047,  0.38029635,  0.43461738],\n",
              "       [-0.02042176,  0.43246491,  0.85319545],\n",
              "       [ 0.14789963, -0.61355835, -1.90791561],\n",
              "       [-0.32356221,  1.22592902, -1.05304684],\n",
              "       [-0.1340618 , -1.0559609 , -0.86194318],\n",
              "       [-0.11774096, -0.03272687,  1.02737933]])"
            ]
          },
          "metadata": {},
          "execution_count": 186
        }
      ]
    },
    {
      "cell_type": "code",
      "source": [],
      "metadata": {
        "id": "yvG2bA-Ok8sH"
      },
      "execution_count": null,
      "outputs": []
    },
    {
      "cell_type": "markdown",
      "source": [
        "# Algunas propiedades"
      ],
      "metadata": {
        "id": "UfVlTQJSkyKB"
      }
    },
    {
      "cell_type": "code",
      "source": [
        "# Cálculo de los valores propios con sklearn\n",
        "# Primero obtenemos el ratio de la varianza expicada por cada factor\n",
        "# Después multiplicamos por el número de variables\n",
        "ratio_varianza explicada=pca.explained_variance_ratio_\n",
        "lamb=ratio_varianza explicada*3 # guardamos los valores propios en lamb"
      ],
      "metadata": {
        "id": "EH8TvpYVhXhi"
      },
      "execution_count": null,
      "outputs": []
    },
    {
      "cell_type": "code",
      "source": [
        "# Comprobar que los valores propios son los mismos que con numpy\n",
        "lamb"
      ],
      "metadata": {
        "colab": {
          "base_uri": "https://localhost:8080/"
        },
        "id": "MndXs5BCjEfl",
        "outputId": "a09cdc5d-2e8c-4f52-a4a0-bc7425db4177"
      },
      "execution_count": null,
      "outputs": [
        {
          "output_type": "execute_result",
          "data": {
            "text/plain": [
              "array([1.9477491 , 1.01050073, 0.04175016])"
            ]
          },
          "metadata": {},
          "execution_count": 181
        }
      ]
    },
    {
      "cell_type": "code",
      "source": [
        "# Coinciden, aunque Numpy no ordena los valores propios de mayor a menor\n",
        "eigenval"
      ],
      "metadata": {
        "colab": {
          "base_uri": "https://localhost:8080/"
        },
        "id": "kv1XJfw5jNZN",
        "outputId": "caa30236-d5b1-4b7c-e076-1caa4b0b7efa"
      },
      "execution_count": null,
      "outputs": [
        {
          "output_type": "execute_result",
          "data": {
            "text/plain": [
              "array([0.04175016, 1.01050073, 1.9477491 ])"
            ]
          },
          "metadata": {},
          "execution_count": 182
        }
      ]
    },
    {
      "cell_type": "code",
      "source": [
        "# Calculo de los vectores propios con sklearn\n",
        "v=pca.components_\n",
        "v.T"
      ],
      "metadata": {
        "colab": {
          "base_uri": "https://localhost:8080/"
        },
        "id": "tHqp0S-Pgl3w",
        "outputId": "69e530d9-403f-4966-94b1-ec37d54fd054"
      },
      "execution_count": null,
      "outputs": [
        {
          "output_type": "execute_result",
          "data": {
            "text/plain": [
              "array([[-0.05035164,  0.99205464, -0.11529226],\n",
              "       [ 0.70411759,  0.11712978,  0.70035636],\n",
              "       [ 0.70829593, -0.04591522, -0.7044208 ]])"
            ]
          },
          "metadata": {},
          "execution_count": 175
        }
      ]
    },
    {
      "cell_type": "code",
      "source": [
        "# Comprobación con los vectores propios calculados con Numpy\n",
        "# Aunque los vectores están en distinto orden\n",
        "eigenvec"
      ],
      "metadata": {
        "colab": {
          "base_uri": "https://localhost:8080/"
        },
        "id": "Hr1IUBrShMjh",
        "outputId": "c30b80cd-408a-4b88-cd10-761fa4efa0ba"
      },
      "execution_count": null,
      "outputs": [
        {
          "output_type": "execute_result",
          "data": {
            "text/plain": [
              "array([[-0.11529226,  0.99205464, -0.05035164],\n",
              "       [ 0.70035636,  0.11712978,  0.70411759],\n",
              "       [-0.7044208 , -0.04591522,  0.70829593]])"
            ]
          },
          "metadata": {},
          "execution_count": 174
        }
      ]
    },
    {
      "cell_type": "code",
      "source": [
        "# Calcular los scores como y=xv\n",
        "# Ojo! sklearn nos da los autovectores en filas. Hay que transponer v\n",
        "\n",
        "x@v.T"
      ],
      "metadata": {
        "colab": {
          "base_uri": "https://localhost:8080/"
        },
        "id": "xq01uqFjNZdp",
        "outputId": "fe56f972-de8e-442b-b63f-64130f33ba1c"
      },
      "execution_count": null,
      "outputs": [
        {
          "output_type": "execute_result",
          "data": {
            "text/plain": [
              "array([[-0.86726794, -0.06851222,  0.40178714],\n",
              "       [ 1.64325499, -0.90114877,  0.103953  ],\n",
              "       [-0.41405746, -0.09789155, -0.0489438 ],\n",
              "       [ 2.3870871 , -1.3239651 ,  0.12247886],\n",
              "       [ 1.74896689,  2.34860361,  0.14981423],\n",
              "       [-0.7864081 , -1.06085745, -0.20918362],\n",
              "       [-2.203862  ,  0.76732734,  0.21449176],\n",
              "       [ 0.43461738,  0.38029635, -0.28651047],\n",
              "       [ 0.85319545,  0.43246491, -0.02042176],\n",
              "       [-1.90791561, -0.61355835,  0.14789963],\n",
              "       [-1.05304684,  1.22592902, -0.32356221],\n",
              "       [-0.86194318, -1.0559609 , -0.1340618 ],\n",
              "       [ 1.02737933, -0.03272687, -0.11774096]])"
            ]
          },
          "metadata": {},
          "execution_count": 83
        }
      ]
    },
    {
      "cell_type": "markdown",
      "source": [
        "# Visualizacion de datos"
      ],
      "metadata": {
        "id": "6gc6BjtInAas"
      }
    },
    {
      "cell_type": "code",
      "source": [
        "import matplotlib.pyplot as plt\n",
        "import seaborn as sns\n",
        "from mpl_toolkits.mplot3d import Axes3D\n",
        "\n",
        "# Gráfico de la matriz de covarianzas \"Heatmap\"\n",
        "\n",
        "plt.figure(figsize=(6, 4))\n",
        "\n",
        "variables=['Edad', 'Altura', 'Peso']\n",
        "sns.heatmap(S, annot=True, cmap='coolwarm', xticklabels=variables, yticklabels=variables)\n",
        "plt.title('Gráfico heatmap de la matriz de correlaciones')\n",
        "plt.show()"
      ],
      "metadata": {
        "colab": {
          "base_uri": "https://localhost:8080/",
          "height": 391
        },
        "id": "U0vi6L4JPRHC",
        "outputId": "b03597ad-349a-481c-8542-2f9f5e3dc234"
      },
      "execution_count": null,
      "outputs": [
        {
          "output_type": "display_data",
          "data": {
            "text/plain": [
              "<Figure size 600x400 with 2 Axes>"
            ],
